17271 4
18230 1
18260 5
19144 5
19286 3
19294 3
20032 3
20177 5
21143 1
21259 6
21288 3
21290 4
22030 2
22084 4
22088 3
22115 3
22213 8
22227 6
22249 7
22263 6
22265 5
22269 5
22279 7
22296 4
23001 6
23002 2
23004 4
23005 7
23006 4
23007 5
23008 8
23009 8
23010 9
23011 7
23012 7
23013 7
23015 3
23016 5
23017 6
23018 8
23019 4
23020 7



23021 7
23022 8
23023 6
23024 7
23026 7
23028 6
23032 3
23033 7
23034 6
23035 8
23036 9
23037 4
23038 6
23039 9
23040 6
23041 7
23042 4
23043 8
23045 6
23046 3
23048 7
23049 5
23050 4
23051 7
23052 10
23053 5
23054 6
23055 4
23057 7
23059 4
23060 8
23061 7
23062 9
23064 6
23065 7
23066 5
23067 7
23068 3
23069 6
23070 10
23071 7
23072 7
23073 5



23075 2
23076 5
23077 6
23078 7
23079 6
23080 7
23081 6
23082 3
23083 6
23084 4
23085 5
23086 2
23087 4
23088 4
23089 6
23090 3
23091 4
23092 6
23093 3
23094 8
23095 5
23096 6
23098 5
23099 7
23100 4
23101 3
23103 2
23104 6
23105 6
23107 6
23108 4
23109 7
23110 4
23111 7
23112 6
23114 7
23115 5
23118 4
23119 6
23120 2
23122 9
23123 3
23124 6



23125 8
23127 8
23128 4
23129 8
23130 7
23131 5
23132 8
23133 7
23134 7
23135 4
23136 3
23137 10
23138 6
23139 8
23140 4
23141 3
23142 7
23143 8
23144 5
23145 8
23146 7
23147 5
23148 3
23149 8
23150 7
23152 7
23153 5
23154 6
23155 2
23156 7
23157 9
23158 7
23161 8
23162 6
23164 5
23166 6
23167 6
23168 4
23170 7
23171 3
23172 7
23173 6
23174 7



23175 5
23176 4
23177 6
23178 6
23179 6
23180 7
23182 7
23183 6
23184 4
23185 7
23186 6
23187 5
23188 8
23190 6
23191 7
23192 3
23194 3
23196 8
23197 4
23198 7
23199 3
23200 7
23201 7
23202 7
23203 8
23204 5
23206 6
23207 7
23208 8
23209 7
23210 5
23211 8
23212 10
23213 7
23214 4
23215 3
23216 6
23217 7
23218 6
23223 3
23224 4
23225 7
23226 4



23227 1
23228 1
23230 6
23231 7
23232 6
23233 7
23234 4
23235 4
23236 4
23238 3
23239 2
23243 2
23244 8
23251 4

